image: map2022.pgm
resolution: 0.005000
origin: [-0.74, -3.7600000000000002, 0]
negate: 0
occupied_thresh: 0.80
free_thresh: 0.196

